148398
57801
54991
126792
126789
64856
388585
127281
27237
49856
7161
388588
388591
23463
148479
90326
54206
80176
64802
148345
10747
57540
9249
10630
79180
63036
51032
842
284723
440567
348487
128272
55672
284729
51702
23569
55160
4681
148898
1870
3399
259283
55629
2134
10256
6195
8431
27245
2268
1104
79570
2170
1307
576
8073
65108
1441
2899
149175
1298
22955
2981
2980
5792
9682
84842
5052
10103
148932
114883
388633
374977
1718
199920
8412
2730
24
126969
29957
284611
29899
57535
1952
84722
127002
164153
64783
79961
128346
7482
333926
260425
56944
163259
3321
5738
9659
9554
5174
284565
51027
56957
23632
23248
9869
29956
8416
58497
54964
79005
57530
7286
11022
6097
284486
6281
6705
6280
645922
6273
140576
91181
7170
57198
3782
10654
6464
51043
1942
55974
200185
4582
2629
7818
632
4209
60484
63827
1382
79590
149499
360155
8407
3766
477
50848
81607
9507
11266
116123
57645
481
10560
2326
7151
5279
51430
9588
84614
9674
400798
55103
9917
163589
89884
51278
6004
81626
3915
5996
79577
55765
252839
5317
7139
23612
1465
376693
25802
1999
9283
127829
5778
59352
29089
4656
134
4608
1116
1118
55224
84919
5287
81788
5129
115019
553
9261
29949
11009
1604
55758
343035
467
5629
64757
11221
7100
388743
824
2052
9725
10637
3020
5664
8290
58480
9816
10753
128178
6000
79862
10771
1316
338588
1646
51806
79754
54906
3559
5209
399717
2625
254427
338596
64215
219670
91452
25805
729668
1326
8829
100129055
158160
5979
53828
83849
9721
118461
1103
4477
8031
283025
26128
80201
6865
23555
55315
9806
54541
8509
818
23522
51207
118881
9231
10105
311
4143
84293
94233
6623
10974
9060
27063
80351
9044
1592
338557
9211
953
23401
23223
26287
112817
83742
84171
1244
23268
90271
57715
81621
3195
8861
23082
4791
403
729020
79991
282996
92482
840
340706
6001
340784
51363
1488
387718
1793
5791
170394
170393
3632
101
282969
171389
11187
81490
6050
115399
57661
64787
79751
977
4586
727897
9024
440023
1509
81532
90019
283120
723961
3630
7054
10078
7262
4676
6609
57758
9646
7003
144100
283284
847
60529
9537
221122
120071
90993
79096
1643
10062
91252
5913
55709
83661
51296
220004
3992
5866
2495
10647
79026
6094
80789
2785
387601
54979
11145
28992
7423
56834
8986
55561
10938
7108
740
387778
823
283130
83786
283131
378938
4054
254102
5017
1474
6712
79703
254439
91683
29984
156
54961
57804
23529
5499
6199
5790
9600
2950
4723
254552
222
645332
221
4728
10312
51111
1374
116512
219928
26579
595
9965
387273
440051
55199
2348
116985
5029
5031
84957
408
283212
80168
2615
25987
192134
726
9846
51585
10873
11098
2526
5962
644672
7704
337
345
51092
486
283149
25833
6653
64221
6484
29087
27034
81029
654429
2288
84766
55200
6337
939
2597
677777
170482
144568
5555
4040
9052
50865
57613
83445
420
4256
85004
2059
65981
55605
9169
81539
8909
10411
9416
7471
7846
65244
23416
113251
466
4891
25875
401720
144501
3855
3892
3891
3890
3888
319101
3850
3851
3875
3489
283337
5916
6667
57658
3228
3226
3225
25946
967
84305
1606
6490
6821
121214
11318
4665
56901
114785
116986
10106
283349
55832
4193
1368
694
8835
5128
56994
429
374470
51559
7296
493861
80298
11108
32
84915
400073
160760
10019
217
53373
400077
8739
26259
5985
55884
26353
9761
64897
5027
144404
54509
338799
605
22877
6249
9026
79720
387893
196383
57696
949
140707
283383
4326
100130238
22953
54737
253832
143
222484
1045
241
341640
2308
1997
11193
23143
8803
10301
10082
23263
2155
65110
341799
51222
161253
1053
84502
728635
90668
196883
4776
23351
55632
4792
3169
283551
145447
5729
652
2643
122809
3958
55030
23002
161291
5583
5529
376267
57475
677
87
56936
26037
26094
91748
957
5826
83694
5228
79696
2353
10538
64207
283576
29954
283578
85439
80017
100124539
440193
650662
1113
3705
51676
78990
866
5265
12
388007
400242
161176
283596
624
623
84439
2009
51466
123099
283600
57596
55384
91828
3831
23368
122402
374569
26153
64423
84800
122622
10572
207
113146
3714
256281
9112
1397
1396
9834
7082
342184
161835
90427
388115
3712
113189
54866
79094
4058
30844
283748
84978
79895
54822
84888
342035
29766
10681
55930
56204
145781
302
83660
771
23604
8766
54852
9493
145837
414926
7090
196993
5315
388135
161514
4016
64220
80125
10620
1198
1543
1445
79748
594855
25989
4351
60490
4123
257364
1464
2108
646892
10518
1512
9455
53346
50810
646
54993
54581
23478
3669
11057
56964
145873
348110
10239
374655
3418
10519
5045
1106
145814
4205
145748
22856
3042
8786
10573
58986
6650
146325
57799
84331
197335
9028
146330
10232
401827
51764
388199
6755
390664
8912
23430
7329
64718
283951
9742
90864
81889
64711
2671
9143
90850
283869
9351
4913
25837
84231
1877
1775
1632
650655
21
80178
83886
23524
6923
124220
124221
64063
84256
9080
51330
146439
646174
1773
115
84662
114990
57407
124402
84309
5493
9717
18
5373
2013
4261
55313
2813
112479
387254
57478
6340
23062
10595
27327
115584
51451
342357
81893
9961
8448
226
5531
6911
83719
79153
64319
23361
1489
93129
5652
10294
94160
85320
5934
64400
326343
6559
9709
51090
6376
6361
9289
64785
29109
51673
3291
79567
3931
6560
64180
64174
80004
23659
9057
999
64146
1728
92154
6898
463
84937
197257
9564
10428
3281
29948
8720
9013
93107
57707
83716
23199
51659
404550
3394
100129637
8140
161882
27189
353
283860
6137
606500
27132
84501
5306
124935
84981
5345
5176
23277
30851
83903
55421
489
124976
342527
400569
9135
51087
147040
643664
23135
146852
1352
5376
125144
201164
10743
140771
6720
1819
125170
55244
677882
146802
7448
8456
9618
9220
399687
124930
54752
146862
162394
6359
3927
57125
2886
1440
100113390
9572
51195
5914
3487
1236
8688
3860
3866
3880
3728
1267
27175
65266
2118
10014
7343
113026
124783
9020
100130148
9520
9755
79170
4779
3211
2695
124872
1747
84687
6442
162461
1101
8714
10140
58488
8526
8165
404093
645545
5889
4591
388403
79665
51174
6198
653645
63897
762
84669
124773
10513
8493
54828
6909
388407
9496
342538
83990
9902
162333
26115
1534
1636
4215
80774
6603
2081
55852
1655
201283
8313
786
9120
23461
6662
9382
23580
54549
55890
146722
9368
26151
2232
283987
30850
9121
30833
60386
9772
57513
80022
643008
3691
2584
85451
201294
91107
64978
2125
2302
79651
768206
677848
10610
10801
147138
11322
7077
124583
8535
125058
2548
79643
10458
284185
284186
71
80233
6182
1468
396
147111
201254
2194
284001
9123
924
3607
284207
81035
103910
649446
9989
11031
147495
57132
3613
81929
440482
8780
57565
115106
220134
11201
2235
5205
84735
374868
25759
997
682
610
5442
10272
126353
1675
10025
91304
22904
6794
90007
1153
2593
339366
6929
83855
113179
2872
8943
84444
84823
58492
126321
6915
27134
27231
51341
440503
91039
55527
10226
29128
23030
257000
400673
4298
57662
56949
6813
440508
5609
79603
51293
51129
125950
9817
53637
10498
25959
57572
57139
1995
51295
55552
51710
90576
54831
3726
9592
342977
79883
5989
90378
10755
3337
114770
126410
4051
652995
8529
57834
7171
84941
117286
58513
125972
79939
23309
2063
79016
84705
10331
6528
5296
3727
54858
9518
51477
8178
5976
2657
284439
148113
9170
7644
84079
11136
85415
1050
64377
57655
3249
5349
7392
933
2867
495
4868
826
57711
64073
9424
147968
1891
10298
342897
7538
79935
57731
1556
5678
126298
3783
388551
602
4059
1209
162979
284353
7408
80207
2696
1760
26145
93429
6510
2909
23211
27202
29998
6820
54854
2523
587
2323
51070
6237
84258
6320
5653
43849
26085
43847
7728
2359
284379
503834
126014
79165
5794
646643
29924
55311
79818
84878
26751
7837
9781
3398
29841
6241
3241
4953
10130
9687
6382
23369
151449
9540
1838
3797
54978
81606
10602
1545
9167
23498
90411
805
114800
4211
100133985
51449
525
113419
84693
8291
9027
51471
83439
51255
4118
64969
1844
55654
150771
26504
51239
54910
200403
164832
79031
55571
6549
6819
84269
6574
23550
375260
55240
140738
6344
79134
5899
112714
554226
8942
390
375287
10010
253782
1745
6670
3685
26010
8609
3417
5746
3485
7141
23549
3623
3267
93349
81618
257407
151477
165100
5757
6295
8527
54578
6694
10920
79083
51052
64284
377007
100130449
57140
189
79919
25992
50636
4735
83541
57593
5020
551
64096
55317
54498
58495
55857
4821
64412
1473
79953
84532
5834
140838
100101490
3397
85366
2307
128864
63941
128866
22913
191
80307
2036
79980
2691
63905
5335
64900
4605
57158
8839
6385
27296
391253
7125
140825
81031
23613
8202
55959
284749
57580
10564
23315
9825
6615
387522
1051
84612
55653
57167
7764
391257
8537
1591
5203
55816
51507
7022
655
23626
56937
8675
514
1908
5509
284756
11255
9885
11047
3911
81928
140893
140628
28231
63910
768096
768097
79444
55738
5753
85441
51750
8771
140685
7165
54963
6919
4987
4661
150000
8204
1525
4685
9875
539
3753
9980
51227
10311
2078
54014
150082
6450
150084
4599
7113
54089
54101
25966
89766
7033
7032
7031
64699
114038
8566
284837
23308
386674
54084
754
3689
378825
104
80781
378832
84221
54059
6576
5413
6899
79680
421
1399
9609
388886
4330
7494
100113380
162
4744
164633
3976
652968
23541
51537
50487
10042
23551
4151
80833
4357
164656
114904
114794
29775
11135
3957
3956
8398
10126
5155
50
339674
53947
638
553158
23779
7380
55007
64781
9889
415116
400935
83933
23654
100126791
8553
9695
84818
55831
9922
79885
285375
84077
23180
8850
151648
23171
23122
10015
9209
64651
956
285268
79443
1232
259173
5745
23218
29072
5364
84126
11277
3913
275
6405
2779
10991
7869
7866
1154
211
11344
5580
55540
378
8618
132203
132200
9861
11259
131368
90102
54847
54762
51365
116064
83666
165631
54437
10954
111
3693
57493
100125556
79364
5361
50512
11343
2624
79825
6010
7200
152195
6578
51421
5096
60467
55186
131890
7029
5352
389158
6478
116931
25976
647033
79674
5918
8706
79782
6498
8087
79929
2049
285386
3280
1370
347
10188
5130
116211
80235
622
5158
84179
1609
10861
1487
3954
677770
57732
6047
79155
6452
317648
3083
285489
348926
389197
152789
93621
6286
57533
94031
83888
23216
55728
399
54502
22998
132671
9662
6731
100130017
401138
2069
3184
58478
22872
1040
4299
10098
92610
54532
79960
57575
132430
4258
60592
152485
79658
85462
23240
23022
53842
57491
25845
85409
340024
7015
79888
728609
4726
50805
170690
401172
11044
134147
7204
54491
56172
10409
4883
81792
26064
153657
5618
133688
167359
23530
10468
10309
54514
64283
6902
10184
1462
317671
22836
202299
831
90355
25816
28966
4001
133619
51015
3562
8572
6583
6584
134549
3308
84105
5307
389332
4888
27039
51237
340061
51523
64411
81848
84651
22885
3340
10318
309
26112
10826
285629
23286
3937
57222
8614
57179
1212
114787
90249
23567
27166
83463
10960
23138
64777
91522
57396
92304
2296
4835
347733
221749
2162
154007
7020
54898
4739
3096
1906
23408
10048
3720
6310
10486
378884
154141
353219
8366
401253
84300
2914
25803
50619
389383
340204
6732
5603
51513
1026
23787
5292
896
2978
55173
221424
7422
221416
11131
2030
3326
347734
4224
9697
2940
81578
79627
56479
7162
57231
154313
135293
57226
79694
26235
553137
10758
4082
79632
2173
7164
4602
64065
7402
23328
9113
80129
8871
51660
1235
80069
154449
28514
5154
2852
90637
79778
7975
202915
29886
3955
23288
80727
155185
84629
54468
729920
155465
346389
9771
11097
3204
8887
223082
358
441208
5898
644
64951
255031
58498
107
64759
2631
2990
64409
6804
83451
1364
2006
677801
83862
3315
80761
5782
10512
6717
219578
54809
2792
5166
25851
10095
64816
563
7586
7551
255374
352954
56257
221908
5118
64599
2050
402682
81844
346606
1523
100216545
100130771
83943
3475
286006
26136
51384
10447
93664
442721
3614
375616
23534
7328
5420
91584
29062
402694
84255
57189
55503
373156
9715
2041
9747
393046
8427
11194
9311
6522
10922
116988
349136
51422
64327
9690
10049
5799
57488
154822
157697
2055
286042
137075
79660
2222
1508
57604
57509
23362
79873
55806
64236
55909
8793
1191
619351
2936
80139
55290
80223
81790
84197
6101
85479
84675
57094
157869
7163
11059
4683
1666
54845
94241
25897
169166
26986
7534
83955
79977
7071
51582
81501
9166
401474
114569
22882
84985
157378
11236
83940
157638
4609
5820
10397
6482
57623
57210
731779
2843
11156
203062
8000
51337
8581
1585
100133669
286122
338328
116447
114822
1936
225689
286077
23513
22827
83481
5339
26873
3297
2875
113655
9401
414919
65265
55871
10655
6595
6019
2315
286343
286319
3301
2683
27290
4799
360
441394
54926
415056
10280
25822
203260
768
881
9925
158234
79269
9414
687
23670
2776
645345
7088
158158
1612
392360
158046
1903
10912
100129066
4783
64768
23299
203328
84270
4814
445577
5253
2203
100188953
8013
19
401546
7295
1902
22949
7357
64420
84263
57864
54836
114991
259
80709
203197
9966
23245
92400
5742
392392
10783
169611
89853
23099
7633
138428
27433
203
27090
138429
399665
203245
51117
2733
56904
1384
389792
414318
375759
9536
445
8939
84929
83543
2889
5900
6835
169436
57109
11094
389827
7410
8019
10439
90120
26086
158055
10555
138311
138307
389812
29085
8721
733
5730
286257
9022
401563
29952
389816
8636
286262
142680
54863
441478
10811
377841
116225
92714
85026
3730
55841
1183
6611
7543
58526
54880
10159
10075
9754
158833
1741
9968
340526
139596
6451
2717
9075
1831
84187
292
54440
51765
6658
7739
1852
215
2316
1774
8266
8273
8517
30848
